image: mymap.pgm
resolution: 0.014000
origin: [-4.004000, -4.004000, 0.000000]
negate: 0
occupied_thresh: 0.65
free_thresh: 0.196

