image: mymap.pgm
resolution: 0.025500
origin: [-4.003500, -4.003500, 0.000000]
negate: 0
occupied_thresh: 0.65
free_thresh: 0.196

